[[[0.82551145 0.06594912 0.06031687 0.70734317]
  [0.10619492 0.80207753 0.53083228 0.39075805]
  [0.07084524 0.92795872 0.46272771 0.08108519]
  [0.7124669  0.98180599 0.83349487 0.09190924]]

 [[0.75702447 0.78533284 0.83109745 0.1119558 ]
  [0.56239781 0.88640062 0.87001532 0.29470137]
  [0.78151744 0.99877733 0.11871717 0.91430094]
  [0.99765798 0.7288297  0.45507218 0.27992281]]

 [[0.35496962 0.76846832 0.52203325 0.57836048]
  [0.4862526  0.01475294 0.50609739 0.93716861]
  [0.63110711 0.97681767 0.77389332 0.47907545]
  [0.56526989 0.98367796 0.17820333 0.39872234]]

 [[0.71070702 0.7971604  0.81260405 0.64039519]
  [0.20868981 0.0513841  0.08802734 0.61424239]
  [0.7082305  0.05142895 0.10317148 0.00601467]
  [0.60582155 0.49385031 0.37473742 0.69359128]]]