[[[0.5920384  0.3768301  0.926403   0.72859919]
  [0.52481475 0.04689628 0.52825449 0.29148505]
  [0.73362252 0.26899616 0.2266108  0.10780091]
  [0.78373774 0.37637093 0.94912962 0.84702986]]

 [[0.97129453 0.89212453 0.1672731  0.16280831]
  [0.51544119 0.41860958 0.11014377 0.97220101]
  [0.68293011 0.43641706 0.54008321 0.88783849]
  [0.47995269 0.40981134 0.98359266 0.50331438]]

 [[0.09150862 0.19596037 0.32438955 0.61300394]
  [0.76866111 0.84576555 0.93324077 0.65447819]
  [0.88983006 0.49668461 0.05636701 0.41946488]
  [0.13353773 0.56968946 0.42859268 0.10441788]]

 [[0.63403948 0.44139576 0.8556459  0.9765795 ]
  [0.28251124 0.79219622 0.02474199 0.93981838]
  [0.75134843 0.11958473 0.5260437  0.34030542]
  [0.76305314 0.49554498 0.52748164 0.9609407 ]]]