[[[[1.1219669  0.59661874 1.48462301 1.22633315]
   [1.21649111 1.08026651 0.87366342 0.60808355]
   [0.2743627  0.65046943 0.63589568 0.64836411]
   [1.12709764 0.77435523 1.11281704 1.56839875]]

  [[1.17949593 0.36749371 1.01325272 0.69937508]
   [1.06663707 0.82229778 0.77714775 1.46503748]
   [1.15077502 1.18544651 0.98037744 0.85350778]
   [0.99093685 0.9393944  0.59606892 1.41365541]]

  [[0.93196651 0.22520451 0.73764906 0.44066792]
   [0.90204748 0.68682708 0.44372564 1.36533541]
   [1.14234569 1.07474149 0.94982546 0.85332192]
   [0.71661949 0.86191271 0.36976393 1.17668547]]

  [[1.62057737 0.5733209  1.45478762 0.97298595]
   [1.81140929 1.44801942 0.7678742  1.85677638]
   [1.5738151  1.43633677 1.23375144 1.43853443]
   [1.42548007 1.23748129 1.12084638 1.99046204]]]


 [[[1.55779759 0.58779772 1.41076155 0.96490315]
   [1.76140157 1.4126938  0.77211003 1.68098052]
   [1.42741489 1.28912761 1.07330536 1.33834857]
   [1.41172074 1.11115079 1.16342378 1.86777466]]

  [[1.66738863 0.59844512 1.4661168  1.01154442]
   [1.73874368 1.37324616 0.95145231 1.87408314]
   [1.54632547 1.45990628 1.18500818 1.32059491]
   [1.485558   1.20052157 1.11626033 1.96154324]]

  [[1.79052714 0.71738899 2.1463014  1.64777964]
   [1.79379131 1.54180972 1.20415279 1.66383235]
   [1.06696865 1.57771051 1.58417023 1.27801829]
   [1.56453689 1.60346011 1.2381413  2.62087228]]

  [[1.52638967 0.63789443 1.67804821 1.22549592]
   [1.78982079 1.50844705 0.76826426 1.41591576]
   [1.09383452 1.19741691 1.14942734 1.30868716]
   [1.39397088 1.21087216 1.25871665 2.08311263]]]


 [[[1.44971743 0.52790455 1.4020292  1.02879185]
   [1.37497817 1.1032082  0.99483138 1.55947604]
   [1.16492832 1.30827576 1.10962091 0.99990932]
   [1.27571433 1.11449062 0.90242857 1.80229757]]

  [[1.40140162 0.67278775 1.4624408  1.20695106]
   [1.2753245  1.04490545 1.27808879 1.01453197]
   [0.63132436 0.89302963 0.60169411 0.61787748]
   [1.40783615 0.75124778 1.17699363 1.56152055]]

  [[1.82950304 0.67211367 1.73074513 1.23376949]
   [1.87493155 1.50600217 1.10233951 1.98063045]
   [1.56120169 1.60713586 1.3652809  1.40082212]
   [1.62313236 1.38234853 1.22397783 2.25808066]]

  [[1.2941379  0.45714505 1.46212201 1.05552281]
   [1.36913998 1.15724006 0.69132544 1.4072618 ]
   [1.01965722 1.2583902  1.28231029 1.10669222]
   [1.07444263 1.24766895 0.81207047 1.9203017 ]]]


 [[[1.93717389 0.76481315 1.87146758 1.3802142 ]
   [1.96350632 1.58481363 1.27544623 1.93449042]
   [1.48637845 1.58191554 1.29476127 1.36511787]
   [1.77502743 1.35973018 1.39309883 2.33516327]]

  [[0.6965033  0.33591232 0.82341835 0.6968    ]
   [0.58410857 0.49782731 0.69227423 0.47124321]
   [0.21894779 0.47800308 0.38387216 0.26261972]
   [0.68167296 0.44773255 0.55014374 0.87230061]]

  [[0.52669316 0.29931087 0.7123629  0.54722352]
   [0.78775467 0.70084912 0.18576966 0.25993197]
   [0.1969489  0.23695212 0.28613147 0.51171207]
   [0.5456826  0.36867003 0.66471231 0.78086681]]

  [[1.43635901 0.61330205 1.56534112 1.21324062]
   [1.43179241 1.1949821  1.04033286 1.26055532]
   [0.86111465 1.11765655 0.97579439 0.92419777]
   [1.33443842 1.04715196 1.09357248 1.84978776]]]]